0 0.672867 0.093585 0.033730 0.066138
0 0.708333 0.056217 0.029762 0.056878
0 0.672123 0.190476 0.024802 0.055556
0 0.706349 0.160053 0.029762 0.058201
0 0.670635 0.283069 0.031746 0.052910
0 0.705357 0.259921 0.031746 0.062169
0 0.669767 0.377149 0.029514 0.059193
0 0.703993 0.365906 0.034970 0.065146
0 0.701265 0.470569 0.035466 0.058201
0 0.671131 0.475364 0.027282 0.060516
0 0.701761 0.569279 0.034970 0.064484
0 0.669395 0.566303 0.029762 0.054563
0 0.700397 0.671958 0.037202 0.058201
0 0.667535 0.660053 0.029514 0.058201
0 0.702629 0.779762 0.035218 0.062831
0 0.670015 0.757937 0.031002 0.058201
0 0.701389 0.885747 0.036210 0.062500
0 0.669891 0.855489 0.031746 0.059524
0 0.668527 0.950397 0.029018 0.057540
0 0.700521 0.975198 0.034970 0.043651
0 0.798735 0.072421 0.025050 0.064153
0 0.798735 0.181217 0.024058 0.052910
0 0.797991 0.282738 0.023065 0.039683
0 0.798859 0.380787 0.026290 0.048611
0 0.796875 0.478009 0.022321 0.053902
0 0.797991 0.571263 0.025050 0.067791
0 0.796379 0.673446 0.023313 0.065146
0 0.797123 0.776290 0.025794 0.063823
0 0.797743 0.884425 0.024554 0.075728
0 0.799231 0.973214 0.028026 0.052910
