0 0.528522 0.461310 0.033234 0.063492
0 0.611483 0.467097 0.027530 0.060516
0 0.499628 0.505456 0.029514 0.063823
0 0.629588 0.558862 0.025050 0.056878
0 0.541915 0.551753 0.035218 0.070437
0 0.513021 0.592758 0.031498 0.067791
0 0.559028 0.652447 0.036706 0.075397
0 0.527654 0.683862 0.032490 0.068783
0 0.648313 0.647983 0.026786 0.061177
0 0.669147 0.748512 0.029266 0.071759
0 0.577009 0.756283 0.040923 0.081349
0 0.541419 0.785384 0.035714 0.072751
0 0.693824 0.866402 0.028522 0.065476
0 0.597098 0.877976 0.043403 0.079365
0 0.559524 0.897652 0.038194 0.077712
0 0.718254 0.978671 0.028274 0.041997
0 0.616443 0.978175 0.042907 0.042989
0 0.572173 0.987434 0.038194 0.024471
