0 0.685888 0.412202 0.038442 0.062500
0 0.652406 0.431382 0.032490 0.059193
0 0.689732 0.515873 0.037698 0.066138
0 0.656994 0.528274 0.033234 0.055886
0 0.695809 0.623512 0.037946 0.070437
0 0.661334 0.628307 0.033482 0.063492
0 0.701017 0.737599 0.043403 0.077050
0 0.666047 0.728505 0.037450 0.065476
0 0.705853 0.850694 0.040179 0.073743
0 0.672247 0.834160 0.036954 0.069114
0 0.712302 0.961971 0.040675 0.076058
0 0.675595 0.939484 0.039187 0.072751
0 0.780754 0.416005 0.029266 0.066138
0 0.786830 0.523479 0.028522 0.061508
0 0.793155 0.625000 0.026290 0.056878
0 0.800719 0.729828 0.028522 0.071429
0 0.808036 0.849702 0.027778 0.063823
0 0.815724 0.954200 0.028770 0.075066
