0 0.967386 0.557540 0.065228 0.098545
0 0.905134 0.551422 0.089038 0.106812
0 0.848462 0.554398 0.069444 0.100198
0 0.768849 0.548776 0.090278 0.110119
0 0.721974 0.548942 0.052083 0.097884
0 0.622520 0.539683 0.094742 0.109788
0 0.488591 0.533730 0.080357 0.112434
0 0.351687 0.528770 0.082341 0.105159
0 0.391369 0.533730 0.052579 0.113757
0 0.268353 0.532738 0.074405 0.099868
0 0.222222 0.527778 0.092262 0.108466
0 0.902282 0.312500 0.095238 0.026455
0 0.769593 0.310847 0.097718 0.028439
0 0.631200 0.310847 0.091270 0.027116
0 0.492808 0.310516 0.087302 0.026455
0 0.356151 0.307540 0.072421 0.021164
0 0.224950 0.302910 0.072917 0.023810
