0 0.470114 0.066138 0.091518 0.108466
0 0.567832 0.186343 0.082589 0.096230
0 0.664807 0.297784 0.078125 0.110119
0 0.761037 0.427083 0.081101 0.088294
0 0.727183 0.364914 0.046627 0.047950
0 0.854167 0.537202 0.084325 0.092262
0 0.812996 0.475198 0.049603 0.048280
0 0.908978 0.591435 0.046627 0.055886
0 0.946677 0.651620 0.082837 0.088294
0 0.830977 0.770999 0.085565 0.098214
0 0.792659 0.715608 0.057044 0.064153
0 0.653522 0.564319 0.085813 0.102183
0 0.743800 0.670800 0.088790 0.094246
0 0.710565 0.609458 0.052579 0.068122
0 0.464162 0.338955 0.088542 0.120370
0 0.562624 0.457176 0.090030 0.108135
0 0.367932 0.224537 0.091518 0.120370
0 0.313740 0.141369 0.046627 0.049934
0 0.262029 0.104167 0.078125 0.128307
0 0.214534 0.033069 0.064484 0.062169
0 0.151414 0.020999 0.073661 0.041997
