0 0.581597 0.396660 0.045139 0.075066
0 0.578001 0.276786 0.040923 0.080688
0 0.591270 0.639220 0.043651 0.079365
0 0.585689 0.516865 0.041915 0.079365
0 0.537698 0.415840 0.036210 0.075066
0 0.573165 0.165675 0.044147 0.075397
0 0.532118 0.200562 0.037946 0.067791
0 0.542907 0.520503 0.037202 0.074074
0 0.597346 0.759094 0.044395 0.084987
0 0.553323 0.747354 0.038690 0.072090
0 0.547743 0.634094 0.036954 0.064484
0 0.534722 0.306217 0.037698 0.070106
0 0.527778 0.094577 0.035714 0.078042
0 0.567956 0.050265 0.040675 0.079365
