0 0.576761 0.978505 0.036458 0.036376
0 0.619048 0.984623 0.034226 0.024140
0 0.615575 0.892030 0.045635 0.094246
0 0.568948 0.884425 0.038690 0.084987
0 0.530754 0.253307 0.035218 0.071429
0 0.567212 0.213128 0.035218 0.079034
0 0.571801 0.310185 0.039931 0.078704
0 0.532986 0.348214 0.039683 0.076058
0 0.578621 0.418816 0.042163 0.074405
0 0.540923 0.445437 0.042163 0.082011
0 0.587178 0.519015 0.043403 0.083664
0 0.543775 0.540344 0.036458 0.074735
0 0.554563 0.647321 0.037698 0.079034
0 0.592882 0.640542 0.043403 0.080688
0 0.602431 0.759921 0.049107 0.091270
0 0.561508 0.763724 0.042163 0.083664
0 0.652654 0.226687 0.021577 0.063823
0 0.666295 0.330688 0.026042 0.065476
0 0.671999 0.427083 0.026042 0.057870
0 0.681176 0.528108 0.028522 0.062169
0 0.692584 0.639220 0.024058 0.056217
0 0.703373 0.754464 0.027282 0.068452
0 0.715278 0.873843 0.030754 0.079034
