0 0.693204 0.134425 0.040675 0.064484
0 0.662574 0.168651 0.032490 0.065476
0 0.694692 0.239418 0.036210 0.070767
0 0.664187 0.262235 0.029762 0.063492
0 0.696181 0.340112 0.035714 0.069775
0 0.663442 0.356812 0.030754 0.064815
0 0.695933 0.440642 0.034722 0.065807
0 0.663194 0.447586 0.030754 0.059193
0 0.696677 0.544808 0.037202 0.063823
0 0.664683 0.544312 0.031746 0.061508
0 0.697917 0.644841 0.034722 0.068122
0 0.664683 0.638393 0.031250 0.061839
0 0.698289 0.753142 0.036458 0.065146
0 0.666047 0.734623 0.031498 0.061177
0 0.701513 0.861276 0.035466 0.069775
0 0.668403 0.836310 0.031746 0.065476
0 0.701265 0.967262 0.036954 0.065476
0 0.670015 0.935681 0.033978 0.066468
0 0.799231 0.958664 0.028026 0.069444
0 0.796875 0.855324 0.027282 0.066468
0 0.793403 0.748181 0.025298 0.059854
0 0.793031 0.645007 0.024554 0.057209
0 0.791667 0.550099 0.025794 0.057870
0 0.790675 0.444444 0.026290 0.061508
0 0.788814 0.340939 0.024554 0.070106
0 0.787202 0.253142 0.024306 0.055225
0 0.786582 0.147321 0.025546 0.065807
