0 0.530878 0.307540 0.033978 0.068122
0 0.502108 0.352183 0.029514 0.062169
0 0.543031 0.396495 0.036458 0.070106
0 0.512277 0.440146 0.032490 0.066799
0 0.617436 0.322255 0.024058 0.056548
0 0.629588 0.410384 0.025050 0.054233
0 0.554812 0.491071 0.036210 0.069444
0 0.522321 0.527282 0.033730 0.066468
0 0.568700 0.592262 0.037698 0.075397
0 0.532490 0.622024 0.034722 0.067460
0 0.644221 0.495536 0.023562 0.062500
0 0.661210 0.595734 0.025298 0.057209
0 0.546503 0.726852 0.036954 0.070767
0 0.583953 0.706019 0.041419 0.076058
0 0.599702 0.819279 0.043155 0.082341
0 0.558532 0.837798 0.038690 0.075066
0 0.698413 0.816303 0.028274 0.061839
0 0.679439 0.702712 0.027530 0.065476
0 0.717634 0.934689 0.025546 0.071098
0 0.616195 0.954530 0.045883 0.087632
0 0.571305 0.957837 0.041915 0.081680
