0 0.720858 0.041005 0.037946 0.066799
0 0.685144 0.069940 0.028522 0.061839
0 0.715030 0.142692 0.034722 0.067791
0 0.682292 0.165675 0.028770 0.064153
0 0.710069 0.245866 0.035714 0.063161
0 0.680432 0.257937 0.030010 0.063492
0 0.707093 0.345403 0.034722 0.066468
0 0.676587 0.350364 0.030258 0.060516
0 0.704737 0.441799 0.035466 0.055556
0 0.673487 0.441138 0.028522 0.052910
0 0.701637 0.541501 0.036210 0.062500
0 0.673239 0.537202 0.031002 0.049934
0 0.698661 0.642361 0.035714 0.057870
0 0.671379 0.628638 0.029266 0.054894
0 0.696553 0.739914 0.033482 0.063161
0 0.669767 0.716104 0.030506 0.053902
0 0.808160 0.050265 0.024058 0.070767
0 0.807044 0.154597 0.027778 0.065807
0 0.803323 0.258598 0.025298 0.054894
0 0.801215 0.355985 0.028522 0.055886
0 0.796751 0.450397 0.029018 0.066138
0 0.795387 0.556548 0.028770 0.079365
0 0.790303 0.653935 0.026042 0.082341
0 0.788566 0.742394 0.025546 0.078704
