0 0.702877 0.201389 0.035714 0.061508
0 0.669023 0.232474 0.031498 0.063492
0 0.794023 0.213294 0.026538 0.067460
0 0.702381 0.304067 0.034722 0.068452
0 0.671255 0.324735 0.031002 0.060185
0 0.795511 0.319610 0.024554 0.051918
0 0.703001 0.404101 0.034970 0.067460
0 0.670883 0.419312 0.031250 0.062831
0 0.795759 0.415344 0.023562 0.048942
0 0.703869 0.506283 0.036706 0.066799
0 0.669891 0.512235 0.033730 0.062169
0 0.798115 0.509921 0.029762 0.064815
0 0.703001 0.612434 0.039435 0.061508
0 0.670635 0.608466 0.029762 0.063492
0 0.800223 0.619709 0.026538 0.054233
0 0.803323 0.717758 0.026290 0.053902
0 0.705977 0.714451 0.035466 0.071098
0 0.672247 0.703208 0.032490 0.063161
0 0.802331 0.819279 0.026290 0.064484
0 0.705605 0.822586 0.039187 0.067791
0 0.673487 0.802579 0.031994 0.064815
0 0.708457 0.933532 0.038442 0.072090
0 0.806796 0.923115 0.028770 0.062500
0 0.674851 0.904597 0.032242 0.065146
