0 0.244668 0.955026 0.060268 0.080688
0 0.323909 0.930721 0.065972 0.125992
0 0.295387 0.836640 0.054563 0.101852
0 0.383681 0.772652 0.064980 0.125992
0 0.347222 0.694610 0.058036 0.109458
0 0.564980 0.286541 0.076389 0.120040
0 0.502232 0.453042 0.071925 0.121693
0 0.451513 0.415840 0.061756 0.110780
0 0.399182 0.555556 0.059276 0.113757
0 0.443452 0.612434 0.068452 0.121693
0 0.505084 0.270668 0.059276 0.115410
0 0.519221 0.825893 0.044395 0.080357
0 0.577505 0.674107 0.044395 0.095569
0 0.629836 0.540344 0.044395 0.080688
0 0.688616 0.382440 0.047867 0.089616
0 0.746652 0.237269 0.050347 0.090939
