0 0.951017 0.563492 0.089038 0.097222
0 0.807664 0.559689 0.087054 0.106151
0 0.888641 0.565807 0.068948 0.093915
0 0.760045 0.565807 0.059276 0.087963
0 0.681176 0.554563 0.079613 0.101190
0 0.647321 0.551587 0.050595 0.102513
0 0.535094 0.548776 0.094990 0.108135
0 0.408606 0.546131 0.094990 0.120701
0 0.270461 0.539683 0.085565 0.106481
0 0.314856 0.552249 0.054812 0.102513
0 0.139881 0.534722 0.095238 0.116402
0 0.195064 0.541336 0.064236 0.112434
0 0.150422 0.316799 0.090030 0.022487
0 0.281870 0.319444 0.082589 0.021825
0 0.412326 0.320106 0.084077 0.023810
0 0.546379 0.325893 0.080357 0.024140
0 0.671875 0.324074 0.067956 0.023810
0 0.811508 0.327050 0.087798 0.031746
0 0.943452 0.330688 0.096726 0.027116
